image_width: 1920
image_height: 1080
camera_name: narrow_stereo
camera_matrix:
  rows: 3
  cols: 3
  data: [1114.7715 ,    0.     ,  974.35467,
            0.     , 1114.99672,  549.08541,
            0.     ,    0.     ,    1.     ]
distortion_model: plumb_bob
distortion_coefficients:
  rows: 1
  cols: 5
  data: [-0.311699, 0.079024, 0.000111, -0.000812, 0.000000]
rectification_matrix:
  rows: 3
  cols: 3
  data: [1., 0., 0.,
         0., 1., 0.,
         0., 0., 1.]
projection_matrix:
  rows: 3
  cols: 4
  data: [ 797.72676,    0.     ,  976.40985,    0.     ,
            0.     , 1025.40592,  551.04883,    0.     ,
            0.     ,    0.     ,    1.     ,    0.     ]