image_width: 1920
image_height: 1080
camera_name: narrow_stereo
camera_matrix:
  rows: 3
  cols: 3
  data: [2118.92476,    0.     ,  931.51067,
            0.     , 2119.25681,  523.96694,
            0.     ,    0.     ,    1.     ]
distortion_model: plumb_bob
distortion_coefficients:
  rows: 1
  cols: 5
  data: [-0.493475, 0.244360, 0.001033, -0.000341, 0.000000]
rectification_matrix:
  rows: 3
  cols: 3
  data: [1., 0., 0.,
         0., 1., 0.,
         0., 0., 1.]
projection_matrix:
  rows: 3
  cols: 4
  data: [1881.27308,    0.     ,  923.17969,    0.     ,
            0.     , 2048.97107,  523.35929,    0.     ,
            0.     ,    0.     ,    1.     ,    0.     ]