
image_width: 1920
image_height: 1080
camera_name: narrow_stereo
camera_matrix:
  rows: 3
  cols: 3
  data: [8445.2942 ,    0.     , 1018.09768,
            0.     , 8433.93665,  587.11614,
            0.     ,    0.     ,    1.     ]
distortion_model: plumb_bob
distortion_coefficients:
  rows: 1
  cols: 5
  data: [-1.172607, 28.277391, 0.009102, 0.001516, 0.000000]
rectification_matrix:
  rows: 3
  cols: 3
  data: [1., 0., 0.,
         0., 1., 0.,
         0., 0., 1.]
projection_matrix:
  rows: 3
  cols: 4
  data: [8357.50967,    0.     , 1019.22041,    0.     ,
            0.     , 8393.2276 ,  588.44024,    0.     ,
            0.     ,    0.     ,    1.     ,    0.     ]