
image_width: 1920
image_height: 1080
camera_name: narrow_stereo
camera_matrix:
  rows: 3
  cols: 3
  data: [9267.83808,    0.     , 1631.64001,
            0.     , 9283.4678 ,  572.12167,
            0.     ,    0.     ,    1.     ]
distortion_model: plumb_bob
distortion_coefficients:
  rows: 1
  cols: 5
  data: [-0.917994, 0.166571, -0.003522, -0.045344, 0.000000]
rectification_matrix:
  rows: 3
  cols: 3
  data: [1., 0., 0.,
         0., 1., 0.,
         0., 0., 1.]
projection_matrix:
  rows: 3
  cols: 4
  data: [9225.45876,    0.     , 1631.47738,    0.     ,
            0.     , 9275.7769 ,  571.92097,    0.     ,
            0.     ,    0.     ,    1.     ,    0.     ]