image_width: 1920
image_height: 1080
camera_name: narrow_stereo
camera_matrix:
  rows: 3
  cols: 3
  data: [1121.07265,    0.     ,  965.72367,
            0.     , 1121.92548,  541.18636,
            0.     ,    0.     ,    1.     ]
distortion_model: plumb_bob
distortion_coefficients:
  rows: 1
  cols: 5
  data: [-0.304191, 0.073428, 0.000465, -0.002174, 0.000000]
rectification_matrix:
  rows: 3
  cols: 3
  data: [1., 0., 0.,
         0., 1., 0.,
         0., 0., 1.]
projection_matrix:
  rows: 3
  cols: 4
  data: [ 803.72136,    0.     ,  953.44079,    0.     ,
            0.     , 1035.34362,  542.00023,    0.     ,
            0.     ,    0.     ,    1.     ,    0.     ]